1326592633254182984
1327084556867600460
1327085046158332069
1327097136143270041
1327097465907707965
1327097485679919124
1327100621677137920
1327100662181396553
1327114209514754059
1327145246005657622
1327146775370403852
1327147353966248058
1327149718878421096
1327158927556870185
1327479499230679040
1327479560710651904
1327512699973795881
1327659878717853786
1327841052614463488
1327841173678850110
1327841580547051573
1327842295944319027
1327850166669148243
1327850674922328125
1327852189435170836
1327852269135331388
1327854557019115540
1327857947661045770
1327871991113453662
1327876267709825055
1327877917015015445
1327878459577335899
1327879508342345779
1327879559881818223
1327880289849966592
1327881432374317067
1327882526588538952
1327883090890068041
1327883606810562622
1327885949417427005
1328142088784838678
1328142715925565554
1328142805079429211
1328142825707278380
1328142971975110707
1328143036701605898
1328143085804453991
1328144178710056982
1328144871470530570
1331031444776161283
1331036632308121735
1331042196014628905
1331042563179675759
1331043453471035403
1331378279440977933
1331379564416340080
1331500415539347467
1331625212848115803
1332004702979625112
1332166425317478466
1332166447115272243
1332200373636567137
1332216886863073302
1332223621724115015
1332223636664483862
1332223658852221052
1332223772647751764
1332498576026107966
1333132938933436530
1333132941961986139
1333133012157857802
1333133480812351489
1333475318710800494
1333626059219800076
1333627132097859605
1333627815639257162
1333628238601256972
1333628650913927282
1333655201328005230
1333655220097384519
1333655995230195753
1333656086669955104
1333656162230337597
1333656164529078324
1333656205008306178
1333656228500344843
1333656232636190873
1333656288990855181
1333656441709400114
1333656444012335134
1333656492653678595
1333656678708543580
1333656820773814302
1333656951460204657
1333657019726565376
1333657063741718530
1333657147866615908
1333657173334425651
1333657309993369643
1333657347859546167
1333744429844136016
1333773027829088277
1333812683245490186
1333816422463443015
1333829651147001886
1333848975786115214
1333855823041925170
1333903354287362178
1334170481598922843
1334176374004649994
1334236545116541112
1334259759540600845
1335965971214762067
1335980996889153728
1336350960481603584
1336351050038513730
1336351654752026737
1336351991781396581
1336352167560220812
1322709211985088553
1330329196987158628
1330332201945923605
1330343741638180885
1330344441650741309
